1365
469
150
239
434
92
298
872
1931
463
262
779
1453
291
257
866
448
793
423
442
479
371
673
386
1183
1087
404
371
313
235
262
1113
510
528
127
740
348
361
157
246
646
288
769
427
339
264
173
538
810
982
275
620
1300
393
1758
1047
280
1014
780
49
457
482
1530
54
396
1492
510
684
520
1252
585
141
373
43
2633
359
241
289
1349
163
339
78
324
436
1039
178
445
827
467
15
129
255
307
272
339
341
285
663
1080
434
156
866
269
369
92
969
203
386
988
148
778
1279
684
699
313
642
401
17
473
273
874
536
844
429
238
116
1225
494
515
785
446
593
72
125
141
209
394
490
270
104
493
160
28
896
1306
184
585
268
317
558
90
671
535
395
141
1104
1166
142
459
247
561
276
16
92
455
162
393
334
1719
495
516
790
1023
106
306
84
48
245
1005
295
680
408
436
52
146
764
344
636
403
449
911
1561
2013
530
642
651
412
491
482
361
1358
309
231
291
303
238
8
269
52
69
339
468
32
689
307
113
254
369
139
91
351
433
1553
627
281
660
229
126
985
710
774
529
310
187
373
1645
598
149
484
531
320
388
651
520
174
126
699
686
84
1208
119
726
288
214
186
640
820
366
343
56
380
143
223
409
1250
122
207
517
256
497
607
22
1159
376
350
339
1174
727
1170
594
885
972
831
474
399
611
487
341
552
461
238
740
704
1397
373
176
246
89
271
265
2140
20416
